145244709277663229	145807281273962492	1125899906842626
146369810320588797	145804669933846503	1125899906842627
145241728570359803	145804657048944638	1125899906842628
146368573370007550	145806980626251747	1125899906842627
146931029402189822	145805219689660392	1125899906842627
148056156214919166	145805859639787479	1125899906842624
146370226932416508	145805662071291877	1125899906842632
147495439644491774	145806250481811446	1125899906842627
144118732061409277	145804961991622612	1125899906842632
148056156214919166	145807938403958765	1125899906842628
144118732061409277	145805692136062940	1125899906842626
145241195994415102	145806705748344827	1125899906842624
145242952636039164	145805447322927101	1125899906842627
144118882385264638	145805004941295576	1125899906842632
144118732061409277	145804828847636443	1125899906842627
144118882385264638	145805855344820202	1125899906842626
147495078867238909	145805120905412591	1125899906842626
144119071363825660	145804644164042714	1125899906842626
146368573370007550	145807543266967524	1125899906842626
148056156214919166	145807165309845461	1125899906842632
147495233486061564	145807423007883249	1125899906842626
145244013492961274	145804051458555898	1125899906842632
146368831068045307	145805434438025186	1125899906842626
146931029402189822	145806838892331001	1125899906842628
144118882385264638	145807362878341087	1125899906842627
146369810320588797	145805412963188722	1125899906842628
144119071363825660	145805030711099360	1125899906842628
144119071363825660	145805533222272985	1125899906842627
146368573370007550	145804339221364724	1125899906842624
146370226932416508	145804244732084213	1125899906842626
144119071363825660	145804944811753427	1125899906842632
144118732061409277	145808243346636780	1125899906842628
146931029402189822	145807380058210281	1125899906842626
147495078867238909	145805073660772343	1125899906842627
144118732061409277	145807401533046742	1125899906842624
148056156214919166	145804631279140829	1125899906842626
146369810320588797	145806091568021478	1125899906842626
144119071363825660	145808174627160043	1125899906842624
146368831068045307	145805481682665441	1125899906842627
146368831068045307	145807384353177587	1125899906842624
144118882385264638	145805760855539694	1125899906842624
147495439644491774	145807706475724784	1125899906842626
148056156214919166	145807315633700830	1125899906842627
147495233486061564	145804545379794936	1125899906842632
